              precision    recall  f1-score   support

      细菌性斑点病       1.00      1.00      1.00       320
         早疫病       0.99      1.00      1.00       150
         晚疫病       1.00      0.99      1.00       287
         叶霉病       1.00      0.99      1.00       143
         斑枯病       1.00      1.00      1.00       266
         蜘蛛螨       0.99      1.00      0.99       252
         靶斑病       0.99      0.99      0.99       211
       黄曲叶病毒       1.00      1.00      1.00       482
        花叶病毒       1.00      1.00      1.00        56
          健康       0.99      1.00      1.00       239

    accuracy                           1.00      2406
   macro avg       1.00      1.00      1.00      2406
weighted avg       1.00      1.00      1.00      2406
